     1.86700     1.22100     0.24912     7.31000     4.03100     4.13800     1.72600     3.59100     5.75810     2.62900     5.81400     2.00419     3.90500     8.84100     2.29700     1.19700     1.84615     4.08681     4.76295     2.08138
     2.86700     2.22100     1.24912     6.31000     3.03100     3.13800     2.72600     2.59100     4.75810     3.52583     4.81400     1.99281     2.90500     7.84100     3.29700     2.19700     2.50521     3.14765     3.76295     2.89997
     3.75958     3.22100     2.24912     5.31000     2.03100     2.13800     3.72600     2.26440     3.75810     3.75254     3.81400     2.99281     2.89383     6.84100     3.69949     3.19700     3.12113     2.14765     2.76295     3.59569
     3.31588     3.91908     3.24912     4.31000     1.59044     3.13800     2.72600     2.86002     2.75810     2.75254     2.81400     3.68774     2.88403     5.84100     3.98065     3.22911     2.51646     2.04618     3.76295     2.81883
     2.74205     4.21104     2.56760     3.43575     2.59044     3.99901     2.03474     2.62017     1.91375     2.21826     2.06568     3.21642     2.89156     4.84100     2.98065     2.86021     2.33365     3.04618     4.76295     2.23164
     3.34171     3.26262     2.34412     4.16974     3.59044     2.99901     3.03474     2.58576     2.40706     2.05381     3.06568     2.77501     2.90687     3.84100     2.11605     2.75626     2.55808     3.84558     4.53845     3.23164
     3.05262     2.26262     3.02511     3.45657     3.84834     2.17680     3.87236     2.97776     3.40706     3.05381     3.89026     2.53596     3.07604     2.95350     1.74771     2.76487     3.29910     4.40747     5.20753     3.93096
     2.92608     1.62583     3.41232     2.45657     2.84834     1.75076     2.87236     3.27053     3.90883     3.82756     2.89026     2.70608     3.01802     2.17711     2.74771     3.05076     3.58584     4.76664     5.23531     4.17972
     2.81978     2.62583     3.10177     3.45657     2.08079     2.24613     2.41191     3.00260     2.90883     3.82934     2.08356     2.85603     2.71246     3.13691     3.74771     3.11052     3.41104     3.76664     4.23531     3.17972
     2.89078     3.62583     2.57152     4.09459     3.08079     3.24613     3.41191     2.67680     2.58778     3.06237     1.94569     3.02689     2.53817     3.47272     3.20419     2.99029     2.41104     2.76664     3.23531     2.29583
     3.01944     2.62583     2.71641     3.09459     3.50395     2.24613     3.86379     2.71447     3.58778     2.80955     2.94569     3.06670     3.25036     2.80904     2.41059     2.87624     3.41104     2.03217     2.23531     1.83158
     2.92867     2.01304     3.35456     2.09459     3.01240     1.95736     3.04170     3.15028     3.06730     3.80955     3.76319     2.86241     3.22348     2.48981     3.21992     3.06334     3.78376     3.03217     2.22312     2.83158
