0     0.01869
1     0.00998
2     0.00998
3     0.00848
4     0.00378
5     0.00378
6     0.00378
7     0.00378
8     0.00376
9     0.00365
10     0.00365
11     0.00346
12     0.00330
13     0.00237
14     0.00229
15     0.00163
16     0.00163
17     0.00135
18     0.00081
19     0.00048
20     0.00026
21     0.00026
22     0.00026
23     0.00013
24     0.00002
25     0.00002
26     0.00002
27     0.00002
28     0.00002
29     0.00002
30     0.00002
31     0.00002
32     0.00001
33     0.00001
34     0.00001
35     0.00001
36     0.00001
37     0.00001
38     0.00001
39     0.00001
最优变量:
x0=     3.81247
x1=    19.42870
x2=    17.88123
x3=    13.66222
x4=   485.58789
x5=   301.69051
最优值=     0.00001
