     7.87100     6.65826     5.49600     3.32800     1.94600     2.96000     2.95100     4.94100     1.36775     2.59300     2.97000     5.22800     6.09977     2.20700     7.20048     6.47200     6.12000     7.08578     5.52926     8.06298
     6.87100     6.57796     6.49600     4.32800     2.94600     3.96000     3.95100     5.94100     2.36775     3.56943     3.97000     6.14168     7.09977     3.20700     7.93053     7.47200     7.12000     7.44882     6.38954     7.51939
     6.27978     7.03433     7.49600     5.32800     3.94600     4.96000     4.95100     6.94100     3.36775     4.56943     4.97000     7.14168     7.35975     4.20700     7.89352     8.25597     8.02514     7.64022     7.38954     7.00868
     7.27978     7.61325     8.32072     6.32800     4.94600     5.96000     5.95100     7.94100     4.36775     5.56943     5.97000     8.14168     7.58788     5.20700     7.81332     7.37709     7.02514     7.51648     6.38954     7.54103
     8.18537     8.03894     7.32072     7.20110     5.94600     6.88151     6.95100     7.22913     5.36775     6.23596     6.97000     7.95201     7.41263     6.20700     7.08025     6.59194     6.45950     7.19693     6.28921     7.82594
     7.18537     7.78722     6.50181     6.32148     6.94600     6.28485     6.86537     6.69745     6.03767     7.02398     6.10808     7.72434     7.05613     7.20700     6.45473     7.59194     7.01915     6.98876     6.83533     7.18719
     6.73678     6.99132     7.31810     6.82651     7.94600     7.07268     7.60934     6.83820     7.03767     6.02398     6.27842     7.30495     7.48059     7.96778     6.27218     8.34765     7.84916     6.85958     6.26552     6.73974
     6.84659     6.27084     7.10564     7.27106     6.94600     7.65865     6.60934     6.96389     7.74782     5.65145     7.21106     6.51160     7.17841     7.62163     7.27218     7.34765     7.87001     6.74908     5.64764     6.44858
     6.93883     7.23700     7.00828     6.74067     6.01335     7.00482     6.58262     6.89448     6.82375     6.19783     7.65567     5.85591     6.47158     6.62163     7.53942     6.34765     7.41551     6.82526     6.34318     7.04703
     6.87722     7.45603     6.67800     6.33795     7.01335     6.30389     7.26866     6.77239     6.27652     7.15907     7.54998     5.96112     6.16140     6.92604     7.07690     6.27409     6.41551     6.93088     7.20053     7.50464
     6.76557     6.45603     6.74328     6.87700     7.56350     7.28435     7.51049     6.76289     7.27652     6.38778     6.54998     6.78152     7.16140     6.53022     6.07690     7.27409     7.41551     6.82543     6.98849     7.54877
     6.64924     5.69866     7.73622     6.78286     7.09901     7.02076     6.51049     6.35887     6.52062     5.38778     5.73248     5.78152     6.92085     6.97503     7.01045     7.10769     7.40574     6.32602     6.44177     6.54877
