0
0.000718609
0.00312338
0.00758122
0.0142178
0.0230118
0.0338483
0.0465522
0.0609052
0.0766557
0.0935509
0.111348
0.129806
0.14869
0.167783
0.186886
0.205822
0.224438
0.242603
0.260208
0.277167
0.293412
0.308896
0.323584
0.337461
0.350523
0.362776
0.374239
0.384937
0.394902
0.404173
0.412792
0.420805
0.428261
0.435209
0.441698
0.44778
0.453503
0.458915
0.464063
0.468992
0.473743
0.478356
0.482869
0.487315
0.491726
0.496131
0.500554
0.50502
0.509547
0.514154
0.518856
0.523664
0.528589
0.533638
0.538818
0.544133
0.549584
0.555172
0.560897
0.566756
0.572746
0.578863
0.585101
0.591455
0.597917
0.60448
0.611137
0.61788
0.624699
0.631588
0.638536
0.645535
0.652577
0.659653
0.666754
0.673872
0.680999
0.688127
0.695248
0.702356
0.709442
0.7165
0.723524
0.730508
0.737446
0.744332
0.751162
0.757931
0.764635
0.771269
0.777831
0.784316
0.790721
0.797045
0.803284
0.809436
0.815499
0.821472
0.827353
0.833141
0.838835
0.844434
0.849937
0.855345
0.860655
0.865869
0.870987
0.876007
0.880931
0.885759
0.89049
0.895126
0.899666
0.904112
0.908464
0.912722
0.916887
0.920959
0.92494
0.92883
0.93263
0.93634
0.939962
0.943495
0.946941
0.9503
0.953573
0.956761
0.959864
0.962883
0.965819
0.968672
0.971442
0.974131
0.976738
0.979264
0.98171
0.984076
0.986361
0.98856
0.990669
0.992685
0.994605
0.996432
0.998165
0.999807
1.00136
1.00283
1.00422
1.00553
1.00676
1.00793
1.00903
1.01007
1.01104
1.01196
1.01282
1.01364
1.0144
1.01511
1.01578
1.0164
1.01696
1.01748
1.01794
1.01836
1.01872
1.01903
1.0193
1.01951
1.01967
1.01979
1.01986
1.01989
1.01987
1.01981
1.01971
1.01957
1.01939
1.01917
1.01892
1.01863
1.01831
1.01797
1.01759
1.01719
1.01677
1.01632
1.01585
1.01536
1.01485
1.01433
1.01379
1.01324
1.01268
1.0121
1.01152
1.01094
1.01035
1.00975
1.00915
1.00855
1.00795
1.00736
1.00676
1.00617
1.00559
1.00501
1.00444
1.00387
1.00332
1.00277
1.00224
1.00171
1.0012
1.00071
1.00022
0.999754
0.999299
0.99886
0.998437
0.998029
0.997638
0.997262
0.996903
0.996561
0.996235
0.995926
0.995635
0.995361
0.995104
0.994865
0.994644
0.994441
0.994255
0.994088
0.993937
0.993805
0.99369
0.993592
0.993512
0.993448
0.993401
0.99337
0.993355
0.993356
0.99337
0.993399
0.993442
0.993498
0.993565
0.993645
0.993736
0.993837
0.993948
0.994069
0.994198
0.994335
0.994479
0.99463
0.994788
0.994951
0.995119
0.995292
0.995468
0.995649
0.995832
0.996017
0.996205
0.996394
0.996584
0.996775
0.996966
0.997157
0.997347
0.997536
0.997723
0.997909
0.998093
0.998275
0.998453
0.998629
0.998802
0.998972
0.999138
0.9993
0.999459
0.999613
0.999763
0.999909
1.00005
1.00019
1.00032
1.00044
1.00056
1.00068
1.00079
1.00089
1.00099
1.00109
1.00117
1.00126
1.00133
1.0014
1.00147
1.00153
1.00158
1.00163
1.00168
1.00172
1.00175
1.00178
1.0018
1.00182
1.00183
1.00184
1.00185
1.00185
1.00185
1.00184
1.00183
1.00182
1.0018
1.00178
1.00176
1.00173
1.0017
1.00167
1.00163
1.0016
1.00156
1.00152
1.00147
1.00143
1.00138
1.00134
1.00129
1.00124
1.00119
1.00114
1.00109
1.00103
1.00098
1.00093
1.00088
1.00082
1.00077
1.00072
1.00067
1.00062
1.00056
1.00051
1.00047
1.00042
1.00037
1.00032
1.00028
1.00023
1.00019
1.00014
1.0001
1.00006
1.00003
0.999988
0.999952
0.999917
0.999884
0.999853
0.999823
0.999794
0.999767
0.999741
0.999717
0.999695
0.999673
0.999654
0.999636
0.999619
0.999604
0.99959
0.999577
0.999566
0.999556
0.999548
0.999541
0.999535
0.99953
0.999527
0.999524
0.999523
0.999523
0.999524
0.999526
0.999529
0.999532
0.999537
0.999543
0.999549
0.999556
0.999564
0.999572
0.999581
0.999591
0.999601
0.999611
0.999623
0.999634
0.999646
0.999658
0.999671
0.999683
0.999696
0.999709
0.999723
0.999736
0.99975
0.999763
0.999777
0.99979
0.999804
0.999817
0.999831
0.999844
0.999857
0.99987
0.999883
0.999895
0.999907
0.99992
0.999931
0.999943
0.999954
0.999965
0.999975
0.999986
0.999996
1.00001
1.00001
1.00002
1.00003
1.00004
1.00005
1.00005
1.00006
1.00007
1.00007
1.00008
1.00009
1.00009
1.00009
1.0001
1.0001
1.00011
1.00011
1.00011
1.00011
1.00012
1.00012
1.00012
1.00012
1.00012
1.00012
1.00012
1.00012
1.00012
1.00012
1.00012
1.00012
1.00012
1.00012
1.00012
1.00011
1.00011
1.00011
1.00011
1.00011
1.0001
1.0001
1.0001
1.00009
1.00009
1.00009
1.00008
1.00008
1.00008
1.00007
1.00007
1.00007
1.00006
1.00006
1.00006
1.00005
1.00005
1.00005
1.00004
1.00004
1.00004
1.00003
1.00003
1.00003
1.00002
1.00002
1.00002
1.00001
1.00001
1.00001
1.00001
1
1
0.999998
0.999996
0.999993
0.999991
0.999989
0.999987
0.999985
0.999984
0.999982
0.99998
0.999979
0.999978
0.999976
0.999975
0.999974
0.999973
0.999972
0.999971
0.999971
0.99997
0.99997
0.999969
0.999969
0.999969
0.999968
0.999968
0.999968
0.999968
0.999968
0.999968
0.999969
0.999969
0.999969
0.99997
0.99997
0.999971
0.999971
0.999972
0.999972
0.999973
0.999974
0.999974
0.999975
0.999976
0.999977
0.999978
0.999978
0.999979
0.99998
0.999981
0.999982
0.999983
0.999984
0.999985
0.999986
0.999986
0.999987
0.999988
0.999989
0.99999
0.999991
0.999992
0.999993
0.999993
0.999994
0.999995
0.999996
0.999996
0.999997
0.999998
0.999999
0.999999
1
1
1
1
1
1
1
1
1
1
1.00001
1.00001
1.00001
1.00001
1.00001
1.00001
1.00001
1.00001
1.00001
1.00001
1.00001
1.00001
1.00001
1.00001
1.00001
1.00001
1.00001
1.00001
1.00001
1.00001
1.00001
1.00001
1.00001
1.00001
1.00001
1.00001
1.00001
1.00001
1.00001
1.00001
1.00001
1.00001
1.00001
1.00001
1.00001
1.00001
1.00001
1.00001
1
1
1
1
1
1
1
1
1
1
1
1
1
1
1
1
1
1
1
1
1
1
1
1
1
0.999999
0.999999
0.999999
0.999999
0.999999
0.999999
0.999999
0.999998
0.999998
0.999998
0.999998
0.999998
0.999998
0.999998
0.999998
0.999998
0.999998
0.999998
0.999998
0.999998
0.999998
0.999998
0.999998
0.999998
0.999998
0.999998
0.999998
0.999998
0.999998
0.999998
0.999998
0.999998
0.999998
0.999998
0.999998
0.999998
0.999998
0.999998
0.999998
0.999998
0.999998
0.999998
0.999998
0.999998
0.999998
0.999999
0.999999
0.999999
0.999999
0.999999
0.999999
0.999999
0.999999
0.999999
0.999999
0.999999
0.999999
0.999999
1
1
1
1
1
1
1
1
1
1
1
1
1
1
1
1
1
1
1
1
1
1
1
1
1
1
1
1
1
1
1
1
1
1
1
1
1
1
1
1
1
1
1
1
1
1
1
1
1
1
1
1
1
1
1
1
1
1
1
1
1
1
1
1
1
1
1
1
1
1
1
1
1
1
1
1
1
1
1
1
1
1
1
1
1
1
1
1
1
1
1
1
1
1
1
1
1
1
1
1
1
1
1
1
1
1
1
1
1
1
1
1
1
1
1
1
1
1
1
1
1
1
1
1
1
1
1
1
1
1
1
1
1
1
1
1
1
1
1
1
1
1
1
1
1
1
1
1
1
1
1
1
1
1
1
1
1
1
1
1
1
1
1
1
1
1
1
1
1
1
1
1
1
1
1
1
1
1
1
1
1
1
1
1
1
1
1
1
1
1
1
1
1
1
1
1
1
1
1
1
1
1
1
1
1
1
1
1
1
1
1
1
1
1
1
1
1
1
1
1
1
1
1
1
1
1
1
1
1
1
1
1
1
1
1
1
1
1
1
1
1
1
1
1
1
1
1
1
1
1
1
1
1
1
1
1
1
1
1
1
1
1
1
1
1
1
1
1
1
1
1
1
1
1
1
1
1
1
1
1
1
1
1
1
1
1
1
1
1
1
1
1
1
1
1
1
1
1
1
1
1
1
1
1
1
1
1
1
1
1
1
1
1
1
1
1
1
1
1
1
1
1
1
1
1
1
1
1
1
1
1
1
1
1
1
1
1
1
1
1
1
1
1
1
1
1
1
1
1
1
1
1
1
1
1
1
1
1
1
1
1
1
1
1
0.999999
0.999999
0.999999
0.999999
0.999999
0.999999
0.999999
0.999999
0.999999
0.999999
0.999999
0.999999
0.999999
0.999999
0.999999
0.999999
0.999999
0.999999
0.999999
0.999999
0.999999
0.999999
0.999999
0.999999
1
1
1
1
1
1
1
1
1
1
1
1
1
1
1
1
1
1
1
1
1
1
1
1
1
1
1
1
1
1
1
1
1
1
1
1
1
1
1
1
1
1
1
1
1
1
1
1
1
1
1
1
1
1
1
1
1
1
1
1
1
1
1
1
1
1
1
1
1
1
1
1
1
1
1
1
1
1
1
1
1
1
1
1
1
1
1
1
1
1
1
1
1
1
1
1
1
1
1
1
1
1
1
1
1
1
1
1
1
1
1
1
1
1
1
1
1
1
1
1
1
1
1
1
1
1
1
1
1
1
1
1
1
1
1
1
1
1
1
1
1
1
1
1
1
1
1
1
1
1
1
1
1
1
1
1
1
1
1
1
1
1
1
1
1
1
1
1
1
1
1
1
1
1
1
1
1
1
1
1
1
1
1
1
1
1
1
1
1
1
1
1
1
1
1
1
1
1
1
1
1
1
1
1
1
1
1
1
1
1
1
1
1
1
1
1
1
1
1
1
1
1
1
1
1
1
1
1
1
1
1
1
1
1
1
1
1
1
1
1
1
1
1
1
1
1
1
1
1
0.999999
0.999999
0.999999
0.999999
0.999999
0.999999
0.999999
0.999999
0.999999
0.999999
0.999999
0.999999
0.999999
0.999999
0.999999
0.999999
0.999999
0.999999
0.999999
0.999999
0.999999
0.999999
0.999999
0.999999
1
1
1
1
1
1
1
1
1
1
1
1
1
1
1
1
1
1
1
1
1
1
1
1
1
1
1
1
1
1
1
1
1
1
1
1
1
1
1
1
1
1
1
1
1
1
1
1
1
1
1
1
1
1
1
1
1
1
1
1
1
1
1
1
1
1
1
1
1
1
1
1
1
1
1
1
1
1
1
1
1
1
1
1
1
1
1
1
1
1
1
1
1
1
1
1
1
1
1
1
1
1
1
1
1
1
1
1
1
1
1
1
1
1
1
1
1
1
1
1
1
1
1
1
1
1
1
1
1
1
1
1
1
1
1
1
1
1
1
1
1
1
1
1
1
1
1
1
1
1
1
1
1
1
1
1
1
1
1
1
1
1
1
1
1
1
1
1
1
1
1
1
1
1
1
1
1
1
1
1
1
1
1
1
1
1
0.999999
0.999999
0.999999
0.999999
0.999999
0.999999
0.999999
0.999999
0.999999
0.999999
0.999999
0.999999
0.999999
0.999999
0.999999
0.999999
0.999999
0.999999
0.999999
0.999999
0.999999
0.999999
0.999999
0.999999
0.999999
0.999999
1
1
1
1
1
1
1
1
1
1
1
1
1
1
1
1
1
1
1
1
1
1
1
1
1
1
1
1
1
1
1
1
1
1
1
1
1
1
1
1
1
1
1
1
1
1
1
1
1
1
1
1
1
1
1
1
1
1
1
1
1
1
1
1
1
1
1
0.999999
0.999999
0.999999
0.999999
0.999999
0.999999
0.999999
1
1
1
1
1
1
1
1
1
1
1
1
1
1
1
1
1
1
1
1
1
1
1
1
1
1
1
1
1
1
1
1
1
1
1
1
1
1
1
1
1
1
1
1
1
1
1
1
1
1
1
1
1
1
1
1
1
1
1
1
1
1
1
1
1
1
1
1
1
1
1
1
1
1
1
1
1
1
1
1
1
1
1
1
1
1
1
1
1
1
1
1
1
1
1
1
1
1
1
1
1
1
1
1
1
1
1
1
1
1
1
1
1
1
1
1
1
1
1
1
1
1
1
1
1
1
1
1
1
1
1
1
1
0.999999
0.999999
0.999999
0.999999
0.999999
0.999999
0.999999
0.999999
0.999999
0.999999
0.999999
0.999999
0.999999
1
1
1
1
1
1
1
1
1
1
1
1
1
1
1
1
1
1
1
1
1
1
1
1
1
1
1
1
1
1
1
1
1
1
1
1
1
1
1
1
1
1
1
1
1
1
1
1
1
1
1
1
1
1
1
1
1
1
1
1
1
1
1
1
1
1
1
1
1
1
1
1
1
1
1
1
1
1
1
1
1
1
1
1
1
1
1
1
1
1
1
1
1
1
1
1
1
1
1
1
1
1
1
1
1
1
1
1
1
1
1
1
1
1
1
1
1
1
1
1
1
1
1
1
1
1
1
1
1
1
1
1
1
1
1
1
1
1
1
1
1
1
1
1
1
1
1
1
1
1
1
1
1
1
1
1
1
1
1
1
1
1
1
1
1
1
1
1
1
1
1
1
1
1
1
1
1
1
1
1
1
1
1
1
1
1
1
1
1
1
1
1
1
