    14.25200     3.37400    11.15000    10.34200     8.69200     7.18400     7.20000     5.63400    16.86388     4.13600    13.49800     2.54200    18.41265    17.55800     5.72600    11.11600     9.47000     2.11000    15.58182    17.17120
    15.25200     4.37400    12.15000    11.34200     9.69200     8.18400     8.20000     6.63400    16.42447     5.13600    14.49800     3.54200    17.95858    16.55800     6.72600    12.11600    10.47000     3.11000    16.29076    16.63147
    16.25200     5.37400    13.15000    12.34200    10.69200     9.18400     9.20000     7.63400    16.11837     6.13600    15.49800     4.54200    17.15883    15.85469     7.72600    13.11600    11.47000     4.11000    17.29076    16.32849
    17.25200     6.37400    14.15000    13.34200    11.69200    10.18400    10.20000     8.63400    16.73479     7.13600    16.49800     5.54200    16.45704    15.34899     8.72600    14.11600    12.47000     5.11000    16.29076    16.78801
    18.08054     7.37400    15.15000    14.22345    12.69200    11.18400    11.20000     9.63400    17.35121     8.13600    17.49800     6.54200    16.99615    15.36330     9.72600    15.11600    13.47000     6.11000    15.29076    17.51084
    17.08054     8.37400    16.15000    14.39888    13.69200    12.18400    12.20000    10.63400    17.19917     9.13600    16.49800     7.54200    17.99615    16.36330    10.72600    16.11600    13.33495     7.11000    15.54051    16.51084
    16.55217     9.37400    17.15000    15.39888    14.69200    13.18400    13.20000    11.63400    16.66270    10.13600    16.13187     8.54200    16.99615    17.24555    11.72600    17.11600    14.33495     8.11000    15.61203    16.13764
    16.67760    10.37400    17.09153    16.39888    15.69200    14.18400    14.20000    12.63400    16.21876    11.13600    17.13187     9.54200    15.99615    17.49130    12.72600    16.60718    15.33495     9.11000    15.14780    16.00579
    16.78296    11.37400    16.89027    15.42682    16.69200    13.20088    14.78665    13.63400    16.63508    12.13600    17.54958    10.54200    16.99615    16.49130    13.72600    16.28166    16.06998    10.11000    16.10733    16.91854
    16.71259    12.37400    16.39459    15.07613    16.04132    14.20088    13.78853    14.63400    17.01666    13.13600    17.39134    11.54200    17.81386    16.39892    14.72600    16.44594    17.06998    11.11000    16.39189    17.62960
    16.58506    13.37400    16.50690    16.07613    16.02935    15.20088    14.78853    15.63400    16.16021    14.13600    16.39134    12.54200    16.81386    16.32387    15.72600    16.64699    16.06998    12.11000    16.62588    17.77598
    16.48885    14.37400    17.50690    17.07613    15.75562    14.20088    15.78853    16.63400    16.69830    14.91090    15.57384    13.54200    15.81386    16.81463    15.28060    16.39662    15.55964    13.11000    16.56564    16.77598
