-1.199e-05
-5.6806e-05
4.7664e-05
0.00017116
6.2513e-05
0.00014527
-0.00014936
0.00011499
7.5582e-05
0.00013634
-4.919e-05
4.5485e-05
0.00010111
0.00014245
6.4546e-05
2.3819e-05
6.0054e-06
-1.5214e-05
-9.7008e-05
-1.0923e-05
-7.9948e-05
0.00010577
2.4841e-05
-4.7519e-05
0.00012077
5.2447e-05
-0.00010499
-7.7444e-05
7.1472e-06
-0.00011571
4.1426e-05
-6.4039e-05
5.2295e-05
8.1057e-05
2.7036e-06
-9.9474e-05
-1.6921e-05
-0.00013858
-3.1332e-05
-7.3406e-05
9.8119e-05
-0.00011977
-9.142e-05
-1.332e-05
-2.4763e-05
9.2999e-05
-3.4181e-05
2.3282e-06
9.1641e-05
5.5805e-05
-0.00010305
-4.9753e-05
-3.5925e-05
-7.4353e-06
3.1734e-05
3.0983e-05
-1.1181e-05
-0.00017695
-1.5345e-05
5.951e-06
-5.6035e-05
2.8107e-05
3.7928e-05
4.3159e-05
-3.172e-05
2.0048e-05
9.6315e-05
0.00014575
3.2032e-05
-1.5862e-05
-0.00011528
-9.0975e-05
-3.6943e-05
9.9729e-05
1.6083e-05
-0.00014285
6.3398e-05
-4.1371e-05
8.2866e-05
-0.00011353
-2.1059e-05
0.0001925
0.0001388
0.0001045
6.2957e-05
-5.177e-05
1.2077e-05
-9.9981e-05
0.00023381
-3.3148e-05
-8.4647e-05
-5.2462e-05
0.00020668
7.3935e-05
9.1819e-05
2.0709e-05
-9.8747e-07
-6.3685e-05
-6.4946e-06
-7.1546e-05
8.8152e-05
9.9021e-05
0.00016195
1.8364e-05
2.6145e-06
-0.00017634
9.0873e-05
-0.00018006
-5.6572e-06
0.00013613
4.4166e-06
1.6641e-05
-0.00014194
-1.548e-05
8.7754e-05
2.6423e-05
-1.208e-05
-4.2006e-06
0.00016475
3.3192e-05
-8.1698e-05
-6.6769e-05
-7.3418e-05
-0.00010504
-3.5872e-05
-7.5673e-06
8.5116e-05
-7.894e-05
-3.2117e-05
-0.00017262
-0.00022754
-8.8742e-05
-7.0339e-05
-1.4359e-05
9.142e-05
-5.9431e-05
6.4576e-05
-0.00012197
-0.00013226
-0.00015524
-0.00017349
-0.00011108
5.0222e-05
-0.00010081
-0.0001753
0.00016667
-0.00015612
6.7478e-05
-1.7789e-05
-8.7451e-06
8.7136e-05
0.00012263
-9.0892e-05
7.7774e-06
6.1555e-05
-7.5119e-05
4.9673e-05
7.2872e-05
-2.9645e-06
-0.00026897
3.616e-05
6.1444e-05
0.00015225
-3.3169e-05
-0.00028254
0.00013188
0.00023288
-9.7732e-05
-3.018e-05
1.7852e-05
6.8208e-05
-8.5885e-05
-8.3377e-05
3.0497e-05
0.00014254
-0.0001966
0.0001668
4.1563e-05
3.1863e-05
7.5789e-05
0.00014985
-3.772e-05
-9.3907e-05
0.00020583
9.8281e-05
1.4482e-05
-7.0029e-05
-3.7266e-05
0.000302
-6.2033e-05
-3.0249e-05
4.4237e-05
-0.00022751
2.0979e-05
-1.0115e-05
6.6109e-05
0.00010421
0.0002674
3.9906e-05
1.3324e-05
2.5011e-05
0.00014086
-0.00011491
6.6252e-05
-3.0703e-05
2.3021e-05
0.00012582
8.8756e-05
-4.5728e-06
1.4353e-05
-2.7594e-05
-3.3459e-05
2.6709e-05
4.9192e-05
7.1108e-05
1.3012e-05
0.00011305
-5.6436e-05
-0.0001115
7.6343e-06
-1.4275e-05
0.00013545
-0.00012688
-0.00010374
5.0136e-05
-3.9362e-05
-7.9904e-05
9.4739e-05
-2.9067e-05
3.084e-05
-0.00015076
-0.00019455
-0.00015039
0.00012182
-0.00011043
0.00010028
-9.081e-05
6.0629e-06
-5.5462e-05
-0.00012831
2.8159e-05
0.00011618
5.5215e-06
-8.661e-05
6.3171e-06
-0.00016867
2.2414e-05
-9.9422e-05
-4.9727e-06
0.00013677
5.3836e-05
9.6137e-05
7.4195e-05
-4.4702e-05
0.00010054
9.8711e-06
-0.0002511
1.8622e-05
0.00017209
-6.3453e-05
3.721e-05
5.5127e-05
-2.8505e-06
-8.8151e-06
2.5053e-05
0.00014268
8.475e-05
7.5879e-06
-6.0262e-05
-3.2516e-06
-7.4971e-05
-0.00010767
1.1256e-05
4.4539e-05
-1.6364e-05
-2.888e-05
-6.4582e-05
0.00011896
2.5122e-05
-3.9204e-05
-9.3075e-05
0.0001006
-8.2672e-05
0.00010021
-5.4094e-05
-8.3084e-05
-9.6925e-05
-0.00014418
0.00010394
-0.00014448
-9.9181e-05
-5.3757e-05
0.00011605
0.00021646
-7.2177e-05
-3.3591e-05
-2.9025e-05
0.00013264
-0.00010878
0.00015638
0.0001494
-0.00017351
-7.3756e-05
7.6745e-05
-0.00011602
0.00011972
0.00018664
-2.786e-05
-9.0441e-05
0.00018615
-2.4223e-05
0.00018742
-0.00016121
4.9432e-05
7.2106e-06
5.9374e-06
0.00014232
-3.3178e-06
7.4001e-05
-0.0001927
0.00018921
7.4271e-05
-4.2314e-05
2.477e-05
0.00011247
-3.1479e-05
8.8083e-05
6.2836e-05
0.00029788
5.4142e-05
-5.9922e-05
0.00022004
-9.5297e-05
-8.3653e-05
1.996e-05
-4.4042e-06
6.1707e-05
2.6552e-05
5.9831e-05
-0.00020038
-1.4168e-05
5.3465e-05
-0.00012148
-3.9763e-07
4.7908e-05
-2.5376e-05
-6.7405e-05
-4.1391e-06
-6.1763e-05
-5.6507e-05
6.7158e-05
-7.1096e-05
-0.00010579
5.9058e-05
-3.5785e-05
-3.0856e-06
5.702e-05
-0.00011632
-0.00011196
5.2087e-05
-7.934e-05
-5.8139e-05
-0.00010296
-4.4064e-05
-1.1579e-07
-0.00012291
0.0001625
-3.6363e-06
0.00014761
0.00014093
-0.0001318
0.00014161
-8.406e-05
-3.8215e-05
5.9437e-05
-0.00016693
3.9114e-05
0.00019372
0.00012225
0.00015104
-3.7366e-05
-7.5653e-05
-0.00010711
7.5076e-06
-0.00014199
-9.9913e-06
1.2526e-05
-1.1795e-06
-0.00010709
-1.7782e-05
3.5096e-05
-5.9936e-05
0.00010623
0.00023021
0.00015062
-8.2025e-05
4.727e-05
-3.465e-05
4.4898e-05
-0.00012871
-9.2153e-06
1.2795e-05
-0.00011243
0.00010516
-0.00031265
3.4089e-05
3.9521e-05
0.00015241
-2.128e-06
-7.5247e-05
-1.8853e-05
3.4017e-05
-0.00017401
0.00018492
3.7749e-05
2.6899e-05
-3.198e-05
-0.00011128
-7.576e-05
0.00015372
-7.4692e-05
0.00018972
-8.895e-06
-0.00011787
0.00014022
3.6154e-05
-6.8669e-05
3.6731e-06
8.3334e-05
-8.9818e-06
-5.9197e-05
0.00010712
0.00010072
8.4399e-05
-6.3402e-07
-0.00011546
-9.5254e-05
-5.4442e-05
0.00010696
-5.5534e-05
-0.00023757
4.8072e-05
6.2879e-05
-7.677e-05
5.3506e-05
0.00011288
-6.8097e-05
-4.3624e-05
6.0914e-05
0.00012474
-7.9828e-05
6.4967e-05
-2.168e-05
-7.9906e-05
0.00016167
7.691e-06
2.2476e-05
-6.3242e-05
-0.00019916
9.9734e-05
-6.1406e-05
1.1716e-05
0.00014952
-4.8337e-05
0.00011067
-0.00010049
8.3059e-05
2.2401e-05
-2.8244e-06
4.681e-05
-0.00014081
-2.5078e-05
-9.7173e-06
0.00017835
8.5205e-05
6.5732e-06
-0.00011989
-0.00011032
3.221e-05
5.3747e-05
-1.4065e-05
-7.073e-05
-2.8592e-05
-0.00012204
-3.1126e-05
9.29e-05
-0.00015709
-4.9905e-05
-0.00013341
-9.637e-05
7.5065e-05
-4.4935e-05
4.7554e-06
-1.4811e-05
-0.00011049
5.3542e-07
1.9322e-05
5.3083e-06
0.00012078
-0.00012976
-4.3289e-05
-0.00010419
-0.00011858
-3.7846e-05
-0.00019422
-4.9282e-05
-8.9142e-05
7.3587e-05
-6.139e-05
7.1298e-05
0.00013994
7.2827e-05
-5.4219e-05
8.5561e-05
1.5793e-05
2.8372e-05
-4.1491e-05
3.9363e-05
-0.00016643
-3.6213e-06
-1.2916e-05
8.1528e-06
2.2422e-05
-0.00016114
0.00016459
0.00018954
6.6353e-06
-7.1711e-05
-0.00010943
-9.8088e-05
-0.00011652
-1.7421e-06
5.9529e-05
-0.00014289
-1.4416e-05
0.00016376
-1.1834e-05
3.9778e-05
-0.00010303
-3.1852e-05
0.00010843
0.00014191
-0.00013831
-9.4464e-05
-0.00011219
-9.5962e-05
3.9141e-05
6.1166e-05
7.8749e-05
2.0389e-05
-9.1207e-05
-4.5807e-05
-2.7135e-05
-7.5276e-06
-1.929e-06
3.0746e-05
6.0489e-06
1.8214e-05
-7.6349e-05
-0.00010803
-0.00016107
-9.4055e-05
4.7775e-05
4.2111e-05
-0.00011469
3.6813e-08
0.00015364
0.0002309
-0.00013509
1.1013e-06
-0.00019814
-2.2682e-05
-2.0497e-05
0.00022094
8.5373e-05
-4.8524e-05
-2.7725e-05
1.4717e-05
-9.815e-05
0.00010384
-3.293e-05
0.00023195
0.0001546
7.8846e-05
5.7631e-05
0.00020308
-1.3799e-05
-9.8842e-06
-2.7017e-06
2.3942e-05
-2.4411e-05
-9.1851e-05
7.8103e-05
3.0371e-05
-7.5339e-05
1.1955e-05
9.8376e-05
-6.8664e-05
6.1102e-05
-0.00022014
2.4239e-06
-0.00014707
-3.3364e-05
7.0295e-06
-0.0001303
-0.00018628
-3.2747e-05
-7.7294e-05
5.1376e-05
-8.5669e-06
-0.00015045
8.9163e-05
-2.2535e-06
4.2826e-05
0.00010461
-0.00012225
-3.6417e-05
-3.1578e-05
-6.9334e-05
1.028e-05
-4.7805e-05
3.349e-05
0.00013136
0.00020553
-2.3946e-05
-1.0648e-05
0.00013636
-3.2851e-05
-7.2549e-05
1.0608e-05
-5.7867e-05
0.00011532
-2.894e-05
-4.4047e-05
-8.8e-06
8.8812e-05
-7.7072e-05
-5.7133e-05
6.1264e-05
0.00023124
-0.00019337
-0.00013071
-6.3955e-05
-4.7491e-05
-0.00016396
-7.3039e-05
3.7287e-05
0.00013747
-6.3605e-05
2.445e-05
4.7914e-05
9.0506e-05
-2.5062e-05
-8.2672e-05
0.00016776
-3.4322e-05
3.5033e-05
7.1536e-05
0.00013318
-8.504e-05
-1.9185e-05
5.9298e-05
-0.00012651
-0.00010024
0.00010806
0.00010607
-0.00010244
4.2329e-05
0.00011114
-3.0859e-05
7.6675e-05
0.00010881
-0.00013881
-0.00013957
-2.6113e-05
0.00019391
-3.6558e-05
7.61e-05
5.5285e-06
0.00014031
4.5858e-05
0.00015807
0.00014545
3.9234e-06
-1.2765e-05
-1.5393e-05
-6.2106e-05
0.00010258
-0.0001054
-2.4127e-05
0.00016959
-1.493e-05
-2.7281e-05
-6.5596e-05
0.00016925
8.1159e-05
-2.5987e-05
-1.3657e-05
-0.00016318
-0.00010109
0.00010765
-0.00010948
-5.1298e-05
-4.0675e-05
0.00017607
-2.9886e-05
-3.647e-05
2.7866e-05
-0.00024345
2.7224e-06
2.5078e-05
-4.3901e-05
-8.0267e-05
6.1581e-05
-0.00014082
3.819e-05
1.5035e-06
7.131e-06
0.00013744
-0.00013341
-5.9647e-05
0.00017406
-6.085e-05
9.3333e-05
-0.00011391
0.00012207
-9.9929e-05
8.0033e-05
6.2343e-05
0.00011399
0.00011353
0.00013655
-1.7207e-05
7.6846e-06
0.0001806
2.875e-05
-1.3291e-05
-6.6531e-05
-7.9618e-05
-5.4686e-06
-9.5963e-05
3.5057e-05
6.4966e-05
8.3762e-05
-6.6452e-05
-8.2747e-05
0.00021772
-0.00013665
6.5952e-05
-1.6323e-05
-1.08e-05
-9.7198e-05
1.6785e-05
8.1551e-06
0.00013127
-2.8311e-05
6.6041e-05
-0.00016225
9.5328e-06
1.7339e-05
6.6473e-05
4.9084e-05
2.4929e-05
-2.4434e-05
-0.0001074
-6.6704e-05
-9.714e-07
-4.4358e-05
0.00027773
0.00016989
0.000178
5.042e-05
-6.1937e-06
-3.6016e-06
0.00020585
-4.9307e-05
1.6566e-05
0.00020803
0.00013093
8.5351e-05
-8.793e-05
0.00012463
0.00015341
0.00011155
-0.00022744
-0.00011953
3.6514e-05
9.9416e-05
1.0345e-05
-1.7324e-05
2.9493e-05
-1.9141e-06
9.7153e-05
5.0249e-05
8.7237e-05
6.1928e-05
5.5153e-05
-0.00014292
-8.733e-06
3.1851e-05
0.00022575
6.3222e-06
-5.7473e-06
9.9565e-05
-5.094e-06
4.0777e-05
0.00015123
2.6246e-05
-6.097e-05
0.00016808
-3.0133e-05
-7.0784e-05
0.00017275
-0.00017312
-0.00012352
6.9339e-05
5.4319e-05
-6.7332e-05
-0.00010901
-5.1298e-05
9.8191e-05
8.4853e-05
2.4457e-05
-2.1676e-05
-9.7123e-05
-3.2422e-05
-0.0001026
0.00015929
0.00024317
-0.00012252
0.0001171
9.0949e-05
3.106e-05
-1.2057e-05
8.58e-05
-0.00010792
6.7534e-05
8.2387e-05
-0.00024432
-1.9926e-05
4.6946e-05
4.133e-05
3.1146e-05
4.8814e-05
0.00011815
-6.234e-05
-1.6251e-05
-2.9838e-05
4.0472e-05
-7.2342e-05
-9.9567e-05
-1.1981e-05
1.4807e-05
-0.0001208
-9.9111e-05
0.00012662
-0.0002845
-8.1589e-05
-0.00014972
6.9927e-05
5.3163e-05
4.1934e-05
-7.7356e-06
4.4522e-05
-8.8573e-05
8.2554e-05
0.00012259
-6.7771e-05
0.00013326
-0.00014047
-4.1182e-05
-6.9337e-05
-6.2982e-05
5.2964e-05
5.5516e-05
7.8993e-05
6.2425e-05
-9.4072e-05
0.00011511
-1.1064e-05
-0.00018458
-0.00014492
9.7044e-05
-3.5822e-05
-0.0001172
-6.1243e-05
-3.5393e-05
4.1581e-05
-0.00011232
0.00011958
-3.6583e-06
-8.1324e-05
2.3639e-06
-5.7805e-05
0.00014717
-4.9302e-05
-0.00010138
0.00014692
5.2987e-06
-3.0317e-05
-7.5615e-05
-7.7402e-05
3.7027e-05
-0.00019752
7.0727e-05
3.6243e-05
-8.5374e-05
-6.999e-05
9.8583e-05
-2.9026e-05
6.0804e-05
-6.4336e-05
-6.3585e-05
-7.025e-05
-7.2803e-05
0.00012003
-9.1971e-05
9.4739e-05
1.2174e-05
-2.7729e-05
-2.4996e-05
5.6807e-05
-0.00012994
-0.00011672
2.6635e-05
-2.288e-05
-3.4131e-05
-8.1475e-05
7.9751e-06
0.00010044
-5.5791e-06
-7.1548e-05
-3.4878e-05
-7.9034e-05
2.2366e-05
-1.5987e-05
-7.8537e-05
4.7391e-06
5.2603e-05
4.4388e-05
-5.8424e-05
-4.2684e-05
4.5444e-05
-2.8277e-05
-1.9768e-05
1.2415e-05
0.000163
3.5945e-05
-5.8354e-05
2.0982e-05
1.1418e-05
6.8704e-05
7.2856e-05
0.00010101
9.5564e-05
7.0519e-05
-0.00018624
-0.00012759
3.4048e-05
0.00016472
0.00011035
3.3012e-05
6.4966e-05
-8.9833e-05
5.1627e-05
0.00010332
0.00018558
9.326e-06
-2.1194e-05
-1.5401e-05
9.3425e-05
0.00012336
3.6092e-05
-4.3669e-05
0.00015076
-3.0757e-05
1.3434e-05
-6.468e-05
1.1305e-05
0.00019451
7.6308e-05
-0.00012152
6.1178e-06
0.00012674
-0.00012837
2.4761e-05
-7.2721e-05
1.9026e-05
-7.2802e-06
3.3686e-05
0.00011339
-5.8298e-05
0.00014246
0.00010313
7.1056e-08
-0.00018715
3.9815e-05
6.2454e-05
-2.4976e-05
-6.212e-05
-4.5143e-05
-9.841e-05
6.4249e-05
0.00013373
6.1327e-05
7.8454e-05
-0.00015663
-0.00019046
0.00025233
-0.00015718
0.00014243
0.00012446
3.7969e-05
1.6014e-05
4.9709e-05
-7.6847e-06
-1.1672e-05
-1.0459e-05
0.0001978
-8.1826e-05
0.00014522
-8.241e-05
-3.4896e-05
-6.6596e-05
-2.1007e-05
-4.0653e-05
-6.8926e-05
8.3358e-05
-0.00011949
2.2599e-05
0.00017092
-0.00011197
-3.0504e-05
1.1424e-06
-8.1182e-05
6.0405e-05
-0.00015455
5.9511e-06
-7.7267e-05
6.7491e-05
-0.00018371
5.7032e-05
-2.3291e-05
-7.2698e-05
2.1268e-05
5.3854e-05
8.2077e-05
8.9642e-05
-0.00011426
-1.7671e-05
6.8421e-05
3.1038e-05
0.00019589
6.1775e-06
-0.00010687
6.1008e-05
5.926e-06
5.7948e-05
-0.00020252
9.3661e-05
6.1778e-05
-9.5174e-05
0.00012952
-0.00019208
0.00015227
0.00012072
1.748e-05
-8.0102e-05
-3.8393e-05
-1.4467e-05
5.0637e-06
-0.00010047
-0.00019159
6.0663e-05
-0.00010283
8.616e-05
-4.8685e-05
-4.2757e-05
4.0458e-05
-3.0744e-05
-0.00014151
-0.00013451
-3.7782e-05
-0.00028148
-8.1886e-05
0.00018933
6.5844e-05
0.00021381
5.1335e-05
0.00011735
-0.00010348
-0.0002196
-0.00013705
0.00018161
-1.3319e-05
0.00019066
4.7511e-06
0.00020239
1.2356e-05
0.00011996
4.1933e-05
2.6914e-05
6.4848e-05
0.0002322
2.8175e-05
-2.3775e-05
5.629e-05
-1.6768e-05
-6.5166e-05
-0.00012718
0.00010393
-5.5546e-05
9.1381e-05
0.00013657
3.9578e-05
-4.2345e-05
0.00013195
-3.4241e-05
2.6264e-05
1.6747e-05
3.9254e-05
6.0731e-05
6.627e-05
-1.7049e-05
2.142e-05
-0.00010813
2.2265e-05
0.00012867
-8.6084e-05
-0.00010165
-3.0329e-05
-7.4907e-05
-0.00011011
7.7909e-05
3.2861e-05
-0.00014478
4.7782e-05
-5.846e-05
-1.6597e-05
-6.7666e-05
-9.3352e-05
-0.00017324
-0.00010299
0.00013233
0.0001095
-4.443e-05
9.8469e-05
-7.6373e-05
0.00019875
0.00021907
-2.2108e-05
-0.00022057
0.00010205
-5.0461e-05
-0.0001832
-2.3844e-06
0.00023572
-8.9861e-06
-1.2967e-05
-0.00012508
0.00011204
-3.3353e-05
7.7552e-05
-3.667e-05
1.1924e-05
-6.2165e-05
0.0001521
0.0002443
-6.4267e-05
-0.00012155
2.8184e-05
0.0002429
-0.00018004
-2.9179e-06
3.908e-05
-2.0722e-05
4.9446e-06
-1.0317e-05
-2.6089e-05
9.922e-05
0.00010608
-8.9275e-05
5.9728e-05
-0.00016539
-1.6865e-05
3.3634e-05
-0.00016593
-7.0136e-05
-8.1279e-05
-0.00011941
-2.802e-05
2.267e-05
-4.8604e-05
6.0367e-05
-8.6516e-05
-0.00016093
6.7685e-05
0.00013677
1.2968e-05
9.1531e-05
8.9273e-05
-0.0001405
-0.00012517
0.00012908
-5.7835e-05
-1.3224e-05
-5.5462e-05
5.6198e-05
9.1531e-05
-8.7848e-05
4.0537e-05
6.3307e-05
1.3953e-05
-0.00013884
-1.0292e-05
3.6893e-05
-2.1311e-05
0.00023907
5.8984e-05
4.736e-05
-0.00018804
-2.8646e-05
-3.4563e-05
-5.1164e-05
-2.1735e-05
0.00019473
-9.6527e-05
0.00011446
2.1537e-05
-7.516e-05
-4.6013e-05
9.3626e-05
2.5435e-05
0.00016541
-8.1155e-05
-9.9101e-05
-1.6285e-05
0.00033035
-0.0001391
0.00016078
8.076e-05
-0.00012887
-7.3508e-05
0.00011915
0.00010111
5.4743e-05
8.2709e-06
7.3174e-06
0.00013241
0.00010503
2.0388e-05
-6.2357e-05
1.0513e-05
1.9469e-05
1.7082e-05
-5.6661e-05
0.00021847
7.6307e-05
5.9137e-05
-1.2209e-05
-8.3496e-06
7.0826e-05
1.1537e-05
0.00014644
-0.00014306
4.4076e-05
-4.6624e-05
9.7137e-05
-0.00024972
0.00014182
-1.2935e-05
0.00010875
9.7834e-06
0.00015251
3.6507e-06
-6.5548e-05
0.00019268
-4.7868e-05
-8.1758e-05
-6.2206e-05
-4.7166e-05
-8.1284e-05
-2.052e-05
6.739e-05
3.4172e-05
0.00011523
0.00012727
-0.00013442
8.8656e-06
-7.3782e-05
-3.6471e-05
-0.00024199
-4.2546e-05
-2.4068e-07
-2.0003e-06
-0.00011574
5.0346e-05
2.1576e-05
-6.8313e-05
-0.00012785
-0.00012591
-0.00014591
0.00029672
0.00019354
5.0487e-05
-4.0074e-05
-0.00026877
0.00011927
7.844e-06
2.3774e-05
5.2887e-06
-0.00013337
7.6457e-05
-0.00011355
-5.1083e-05
5.2379e-05
-9.3762e-07
6.3132e-06
-8.027e-05
-6.5022e-05
0.00010919
0.00013317
-0.00013884
-9.1809e-05
2.656e-05
-7.4953e-05
0.00011678
0.00010497
-5.0564e-05
0.00010195
-1.0167e-05
-2.1386e-05
6.5152e-05
0.00015564
-0.00010248
9.549e-06
-0.00021144
0.00014202
-0.00012621
0.00012155
5.2881e-05
-1.2201e-05
-9.0723e-05
-0.00022742
-0.00015845
-0.00020876
-0.00014639
-3.0605e-05
-0.00012517
-3.4113e-06
-3.8359e-05
-2.2976e-05
-0.00014718
9.0546e-05
0.00011017
-4.7212e-05
-2.3748e-05
7.7268e-05
-1.5391e-05
-1.9949e-05
-2.6736e-05
4.0126e-06
-6.451e-05
-4.1409e-05
0.0001035
-0.00017098
2.8266e-05
-8.2404e-05
-2.9136e-05
-2.9042e-05
-1.3168e-05
-0.00014187
-0.00015078
0.000308
3.9709e-06
0.00019349
0.00012
-0.00017117
-6.1919e-05
6.4751e-05
8.7891e-05
-1.3257e-05
5.288e-05
0.00013122
-0.00021276
-0.00012055
-1.7916e-05
0.00014527
0.00024517
3.9063e-06
1.4752e-05
-5.3679e-05
-4.3221e-05
3.849e-05
-0.0001458
-8.1187e-05
-0.00010502
3.0204e-05
-0.00010417
6.2714e-05
-7.6361e-05
-0.00027822
0.00010368
0.00015669
0.00014955
7.8147e-06
-5.2333e-05
7.6492e-05
-5.6635e-06
-8.2805e-05
0.00015803
9.066e-05
-0.00013485
9.7577e-06
7.7854e-05
3.3066e-06
-7.0438e-05
-8.1468e-05
1.2561e-05
8.3161e-05
-0.00016295
9.4525e-05
0.00014159
-6.5087e-05
0.00017505
-0.00012297
-2.708e-06
-0.00010951
0.00017368
-0.00014425
-4.7754e-05
3.9566e-05
-4.4762e-05
-0.00013872
-0.00012242
-9.6543e-05
6.7678e-05
-6.8624e-05
8.3642e-05
-1.1203e-05
-0.00024011
-0.00019119
0.00012365
2.1789e-05
-3.2279e-06
-3.1036e-05
3.6475e-06
0.00012883
-0.00013684
8.7647e-05
9.0974e-05
-0.00011379
-0.00012119
-8.2512e-05
1.1421e-05
4.3884e-05
-0.00011937
6.2786e-05
6.7032e-06
-0.00011774
-0.00015618
-0.00023864
-2.1615e-06
2.3899e-05
6.3523e-08
8.9661e-05
-0.00013751
4.3158e-05
0.00010264
9.201e-05
0.00019955
0.00010164
-0.00013416
1.0587e-05
0.00027012
-7.7616e-05
-0.00010306
2.9173e-05
6.0475e-05
8.6227e-05
-0.00014443
-2.5115e-05
-5.9473e-05
3.6209e-05
-3.4227e-05
6.2231e-05
-1.7149e-05
-5.7622e-05
5.4664e-05
7.8325e-05
-9.759e-05
4.4397e-05
-6.1756e-05
0.00017198
-3.7261e-05
0.00010335
0.00015522
-8.3137e-05
0.00018262
6.7885e-05
-2.5978e-05
-0.00013731
8.7833e-05
2.9628e-05
0.0001464
-1.2608e-05
3.8826e-05
-0.00010151
-9.3045e-05
0.00012605
6.6561e-05
-2.5728e-05
5.4329e-05
-0.00017027
1.4676e-05
-1.6399e-06
0.00010415
-0.0002621
6.4506e-05
2.5798e-05
-0.00016809
0.00015492
-5.8293e-05
-9.4017e-05
2.8553e-05
-4.2844e-05
0.0001048
0.0001344
9.4524e-05
-1.543e-05
2.0201e-05
-3.5361e-05
9.0457e-05
9.2915e-05
-0.00012563
4.0291e-05
-0.00010537
3.652e-05
-9.5511e-07
-0.00011301
0.00017209
6.8744e-05
5.6668e-05
0.00011626
0.00011039
0.0001703
5.8033e-05
-0.00013059
7.2041e-05
0.0004384
-3.9903e-05
0.0002187
0.0001476
0.00014079
-0.00012438
4.1205e-05
-7.8348e-05
6.98e-05
9.5299e-05
0.00013317
-0.00014317
-5.9185e-05
-0.00010983
4.4338e-05
0.0003506
0.0001392
4.6196e-05
6.5337e-05
9.8697e-05
-0.00014088
-1.5193e-05
-2.6033e-05
-0.0001144
5.5896e-05
6.5747e-05
-5.9635e-05
-0.00011862
9.4526e-05
-0.00015608
1.721e-05
2.9162e-05
4.2639e-05
-6.856e-06
-1.1034e-05
0.00015421
-0.00015903
9.1915e-05
0.00018294
-4.2237e-05
7.1244e-06
9.844e-05
0.00021032
-8.3591e-05
0.00016336
0.00010125
1.9785e-05
-2.6905e-05
-1.9002e-05
6.2583e-05
-0.00022676
7.9941e-05
-3.325e-05
-8.5637e-05
-9.1039e-05
1.6553e-05
0.0001312
0.00022074
1.0258e-05
5.2595e-05
3.4315e-05
-8.7063e-05
-9.2519e-06
-0.00017714
-4.7487e-05
8.063e-06
-0.00019789
-1.1224e-05
3.3372e-05
1.7096e-05
8.0257e-05
-2.7824e-05
-1.6662e-06
-0.00011561
-5.6647e-05
2.0364e-06
1.4754e-05
-4.1515e-05
1.8623e-05
7.8509e-05
-9.8659e-05
-3.3116e-05
9.9975e-05
2.0708e-05
-5.8036e-06
0.00013911
-7.6859e-05
4.3764e-05
-0.00017813
0.00012852
-5.2004e-05
-4.7667e-05
0.00027674
0.0001683
-0.00012371
-7.7388e-05
9.1315e-05
-0.00015099
-1.2755e-05
0.00010313
-8.6817e-05
-0.0001251
-8.2322e-05
-2.4521e-05
-4.654e-05
-1.3999e-05
6.1068e-05
-0.00019111
6.8724e-05
-6.5616e-05
9.9247e-06
5.4951e-05
-0.00010391
9.1604e-05
-4.5965e-05
-0.00014688
-7.0353e-05
-6.4328e-05
1.0851e-05
-3.0047e-05
-3.3515e-05
3.7138e-05
7.1985e-05
0.00010571
-5.2148e-05
3.881e-05
1.206e-05
2.0396e-05
8.9768e-06
7.2932e-05
-4.6461e-06
-5.1034e-05
-2.4378e-05
1.0385e-06
7.7596e-05
-0.00011512
5.5701e-05
-7.7916e-05
-0.00012621
-0.00010114
0.00011669
6.6587e-05
4.0535e-05
-0.0001433
-0.00019348
-0.00017463
-4.4957e-05
0.00020143
9.3352e-05
-4.3757e-05
5.2074e-05
-1.0886e-05
6.6712e-05
4.3642e-05
-0.00013877
-0.000285
-5.7529e-05
-5.462e-06
0.00021085
0.00016945
-9.0206e-05
3.6396e-05
-0.00011666
-3.5853e-06
-9.0705e-05
-8.5874e-05
0.00018705
-0.00013462
-6.5049e-05
-9.8348e-05
5.4461e-06
0.00014498
0.00017069
4.0022e-05
4.5637e-05
-9.083e-05
-9.1301e-05
0.00011174
-1.1844e-05
0.00018055
3.268e-06
0.00024302
-7.7032e-05
-7.1337e-05
-2.9701e-05
-3.281e-05
-1.2226e-05
0.000165
2.7393e-05
0.00011908
-7.8633e-05
5.242e-05
0.00018423
4.3454e-05
-2.8672e-05
-9.794e-05
0.00018966
8.2335e-05
-9.7726e-05
-0.00019234
7.0735e-05
-0.00011501
4.1905e-05
-8.3292e-05
5.1946e-05
-5.2692e-06
9.6607e-05
-0.00019779
0.00011652
-0.00023048
-7.6944e-05
0.00012704
9.3084e-05
2.9148e-06
-1.8841e-05
-0.00010895
0.00016952
0.00010477
-0.00017637
4.1034e-05
-0.00032229
0.00011741
3.8375e-05
-0.00016466
-0.00018898
-0.0001677
-3.2018e-05
-0.00020786
6.7393e-05
-6.597e-05
-3.1035e-05
1.2151e-05
-5.9161e-05
-4.3417e-05
-0.00010832
-0.00013951
-7.3319e-05
-0.00011624
-0.00010635
-0.00010365
-5.8181e-05
-0.0001557
8.8219e-05
1.8405e-05
0.00013872
3.036e-05
1.0653e-05
4.3416e-05
0.00010068
2.1947e-05
-3.9113e-05
7.6597e-05
2.408e-06
-1.4605e-05
-0.00010576
-0.00011971
-0.00018509
1.9512e-05
4.4731e-05
9.3501e-05
-0.00011414
-8.9218e-05
-1.8443e-05
-8.5995e-05
5.159e-05
2.5014e-05
6.8093e-05
-2.4413e-05
1.6856e-05
6.6409e-06
-0.00010916
8.2838e-05
-6.8838e-05
-3.2763e-05
-9.8977e-05
-0.00017014
7.1577e-05
0.00019584
-0.0001594
9.8027e-06
-8.7809e-05
0.00013159
-3.2971e-05
5.2601e-05
-0.00014466
6.7895e-05
-1.8435e-05
-0.00018095
4.6445e-05
8.9856e-05
1.7955e-06
-3.6599e-05
-0.00011873
5.3987e-05
-9.0895e-05
-1.5208e-05
1.0129e-05
-2.2427e-05
-0.00014237
0.00013339
-1.9825e-05
2.7007e-05
-0.00013886
-5.2823e-06
-8.664e-05
0.00014574
0.00013642
-8.2174e-05
-4.4875e-06
-6.6625e-05
2.3465e-05
8.2121e-05
2.4086e-06
-0.00024295
1.6949e-05
2.948e-05
4.3239e-05
-0.00014169
3.288e-06
-4.7598e-05
5.5306e-05
5.7802e-05
0.00010034
7.4135e-05
0.00011854
-3.2209e-05
0.00013473
-0.00020334
6.3888e-05
-0.00015564
-9.4487e-05
-0.00021257
-3.6057e-06
2.5594e-05
0.00010311
6.1904e-06
0.00012107
5.417e-05
8.5098e-05
-9.0266e-05
-5.1127e-05
-0.00018413
-5.4463e-06
8.0042e-05
1.7559e-05
6.3728e-05
0.00015283
-1.9567e-05
4.4565e-06
-0.0001956
-1.7499e-05
6.4273e-05
5.5802e-05
-0.00010716
5.4595e-05
9.3064e-05
8.772e-05
-0.00010718
4.1561e-05
0.0001263
-0.00011719
-5.0273e-05
-4.8235e-05
8.1625e-05
-0.00015345
-7.0006e-05
0.00012494
-0.00012449
-8.0465e-05
1.2535e-05
0.00013767
3.8901e-05
-0.00013632
9.246e-05
0.00012924
0.00016028
0.00012003
-8.4872e-05
-7.5563e-05
-3.4079e-05
-8.9771e-05
-6.0856e-05
0.00014923
0.00011586
-7.163e-05
7.6821e-06
6.5463e-05
0.00010404
0.00010753
-8.8547e-05
-2.603e-05
-3.5434e-05
-0.00011533
0.00019064
1.9469e-05
0.00010364
3.8165e-05
9.4976e-05
4.7805e-05
2.8185e-05
-6.1511e-06
6.2335e-05
0.00012709
6.9889e-05
1.375e-05
9.7623e-05
-4.8348e-05
3.4341e-05
-0.00019446
-3.332e-05
1.6168e-05
7.9533e-05
0.00019747
-0.00011972
-6.9499e-05
2.4487e-05
3.7687e-05
-3.5568e-05
9.4914e-06
0.0001006
-0.00022904
0.00012445
7.3909e-05
-5.3542e-05
-0.00011558
7.735e-05
5.614e-06
9.8057e-06
7.0558e-05
0.00022517
0.0001238
0.00010682
1.8313e-05
-3.511e-05
7.2383e-05
-0.0002446
8.8214e-05
-8.4436e-05
-7.3565e-05
0.00011841
6.4362e-06
-5.7964e-05
3.2512e-05
-5.1216e-05
-8.012e-05
-0.00019699
1.56e-05
-0.00012043
-3.7885e-05
0.00016751
